Senha = 12345678
Admin = 2
Skin = 98
Dinheiro = 500
Score = 0
PosX = 1859.34350585
PosY = -1744.72778320
PosZ = 13.54687500
PosA = 90.22976684
Interior = 0
VW = 0
